# from Simon Lovell
# Plot count:  3193
0	0	0.0003131851
0	1	0.0003131851
0	2	0.0003131851
0	3	0.0003131851
0	4	0.0003131851
0	5	0.0003131851
0	6	0.0003131851
0	7	0.0003131851
0	8	0.0003131851
0	9	0.0003131851
0	10	0.0003131851
0	11	0.0003131851
0	12	0.0003131851
0	13	0.0003131851
0	14	0.0003131851
0	15	0.0003131851
0	16	0.0003131851
0	17	0.0003131851
0	18	0.0003131851
0	19	0.0003131851
0	20	0.0003131851
0	21	0.0003131851
0	22	0.0003131851
0	23	0.0003131851
0	24	0.0003131851
0	25	0.0003131851
0	26	0.0003131851
0	27	0.0003131851
0	28	0.0003131851
0	29	0.0003131851
0	30	0.0003131851
0	31	0.0003131851
0	32	0.0003131851
0	33	0.0003131851
0	34	0.0003131851
0	35	0.0003131851
1	0	0.0003131851
1	1	0.0003131851
1	2	0.0003131851
1	3	0.0003131851
1	4	0.0003131851
1	5	0.0003131851
1	6	0.0003131851
1	7	0.0003131851
1	8	0.0003131851
1	9	0.0003131851
1	10	0.0003131851
1	11	0.0003131851
1	12	0.0003131851
1	13	0.0003131851
1	14	0.0003131851
1	15	0.0003131851
1	16	0.0003131851
1	17	0.0003131851
1	18	0.0003131851
1	19	0.0003131851
1	20	0.0003131851
1	21	0.0003131851
1	22	0.0003131851
1	23	0.0003131851
1	24	0.0003131851
1	25	0.0003131851
1	26	0.0003131851
1	27	0.0003131851
1	28	0.0003131851
1	29	0.0003131851
1	30	0.0003131851
1	31	0.0003131851
1	32	0.0003131851
1	33	0.0003131851
1	34	0.0003131851
1	35	0.0003131851
2	0	0.0003131851
2	1	0.0003131851
2	2	0.0003131851
2	3	0.0003131851
2	4	0.0003131851
2	5	0.0003131851
2	6	0.0003131851
2	7	0.0003131851
2	8	0.0003131851
2	9	0.0003131851
2	10	0.0003131851
2	11	0.0003131851
2	12	0.0003131851
2	13	0.0003131851
2	14	0.0003131851
2	15	0.0003131851
2	16	0.0003131851
2	17	0.0003131851
2	18	0.0003131851
2	19	0.0003131851
2	20	0.0003131851
2	21	0.0003131851
2	22	0.0003131851
2	23	0.0003131851
2	24	0.0003131851
2	25	0.0003131851
2	26	0.0003131851
2	27	0.0003131851
2	28	0.0003131851
2	29	0.0003131851
2	30	0.0003131851
2	31	0.0003131851
2	32	0.0003131851
2	33	0.0003131851
2	34	0.0003131851
2	35	0.0003131851
3	0	0.0003131851
3	1	0.0003131851
3	2	0.0003131851
3	3	0.0003131851
3	4	0.0003131851
3	5	0.0003131851
3	6	0.0003131851
3	7	0.0003131851
3	8	0.0003131851
3	9	0.0003131851
3	10	0.0003131851
3	11	0.0003131851
3	12	0.0003131851
3	13	0.0003131851
3	14	0.0003131851
3	15	0.0003131851
3	16	0.0003131851
3	17	0.0003131851
3	18	0.0003131851
3	19	0.0003131851
3	20	0.0003131851
3	21	0.0003131851
3	22	0.0003131851
3	23	0.0003131851
3	24	0.0003131851
3	25	0.0003131851
3	26	0.0003131851
3	27	0.0003131851
3	28	0.0003131851
3	29	0.0003131851
3	30	0.0003131851
3	31	0.0003131851
3	32	0.0003131851
3	33	0.0003131851
3	34	0.0003131851
3	35	0.0003131851
4	0	0.0003131851
4	1	0.0003131851
4	2	0.0003131851
4	3	0.0003131851
4	4	0.0003131851
4	5	0.0003131851
4	6	0.0003131851
4	7	0.0003131851
4	8	0.0003131851
4	9	0.0003131851
4	10	0.0003131851
4	11	0.0003131851
4	12	0.0003131851
4	13	0.0003131851
4	14	0.0003131851
4	15	0.0003131851
4	16	0.0003131851
4	17	0.0003131851
4	18	0.0003131851
4	19	0.0003131851
4	20	0.0003131851
4	21	0.0003131851
4	22	0.0003131851
4	23	0.0003131851
4	24	0.0003131851
4	25	0.0003131851
4	26	0.0003131851
4	27	0.0003131851
4	28	0.0003131851
4	29	0.0003131851
4	30	0.0003131851
4	31	0.0003131851
4	32	0.0003131851
4	33	0.0003131851
4	34	0.0003131851
4	35	0.0003131851
5	0	0.0003131851
5	1	0.0003131851
5	2	0.0003131851
5	3	0.0003131851
5	4	0.0003131851
5	5	0.0003131851
5	6	0.0003131851
5	7	0.0003131851
5	8	0.0003131851
5	9	0.0003131851
5	10	0.0003131851
5	11	0.0003131851
5	12	0.0003131851
5	13	0.0003131851
5	14	0.0003131851
5	15	0.0003131851
5	16	0.0003131851
5	17	0.0003131851
5	18	0.0003131851
5	19	0.0003131851
5	20	0.0003131851
5	21	0.0003131851
5	22	0.0003131851
5	23	0.0003131851
5	24	0.0003131851
5	25	0.0003131851
5	26	0.0003131851
5	27	0.0003131851
5	28	0.0003131851
5	29	0.0003131851
5	30	0.0003131851
5	31	0.0003131851
5	32	0.0003131851
5	33	0.0003131851
5	34	0.0003131851
5	35	0.0003131851
6	0	0.0003131851
6	1	0.0003131851
6	2	0.0003131851
6	3	0.0003131851
6	4	0.0003131851
6	5	0.0003131851
6	6	0.0003131851
6	7	0.0003131851
6	8	0.0003131851
6	9	0.0003131851
6	10	0.0003131851
6	11	0.0003131851
6	12	0.0003131851
6	13	0.0003131851
6	14	0.0003131851
6	15	0.0003131851
6	16	0.0003131851
6	17	0.0003131851
6	18	0.0003131851
6	19	0.0003131851
6	20	0.0003131851
6	21	0.0003131851
6	22	0.0003131851
6	23	0.0003131851
6	24	0.0003131851
6	25	0.0003131851
6	26	0.0003131851
6	27	0.0003131851
6	28	0.0003131851
6	29	0.0003131851
6	30	0.0003131851
6	31	0.0003131851
6	32	0.0003131851
6	33	0.0003131851
6	34	0.0003131851
6	35	0.0003131851
7	0	0.0003131851
7	1	0.0003131851
7	2	0.0003131851
7	3	0.0003131851
7	4	0.0003131851
7	5	0.0003131851
7	6	0.0003131851
7	7	0.0003131851
7	8	0.0003131851
7	9	0.0003131851
7	10	0.0003131851
7	11	0.0003131851
7	12	0.0003131851
7	13	0.0003131851
7	14	0.0003131851
7	15	0.0003131851
7	16	0.0003131851
7	17	0.0006263702
7	18	0.0006263702
7	19	0.0003131851
7	20	0.0009395553
7	21	0.0003131851
7	22	0.0003131851
7	23	0.0003131851
7	24	0.0003131851
7	25	0.0003131851
7	26	0.0003131851
7	27	0.0003131851
7	28	0.0003131851
7	29	0.0003131851
7	30	0.0003131851
7	31	0.0003131851
7	32	0.0006263702
7	33	0.0003131851
7	34	0.0003131851
7	35	0.0006263702
8	0	0.0003131851
8	1	0.0006263702
8	2	0.0003131851
8	3	0.0003131851
8	4	0.0003131851
8	5	0.0003131851
8	6	0.0003131851
8	7	0.0003131851
8	8	0.0003131851
8	9	0.0003131851
8	10	0.0003131851
8	11	0.0003131851
8	12	0.0003131851
8	13	0.0003131851
8	14	0.0003131851
8	15	0.0003131851
8	16	0.0009395553
8	17	0.0015659255
8	18	0.0015659255
8	19	0.0006263702
8	20	0.0021922956
8	21	0.0003131851
8	22	0.0003131851
8	23	0.0006263702
8	24	0.0003131851
8	25	0.0003131851
8	26	0.0003131851
8	27	0.0003131851
8	28	0.0003131851
8	29	0.0003131851
8	30	0.0003131851
8	31	0.0006263702
8	32	0.0009395553
8	33	0.0015659255
8	34	0.0009395553
8	35	0.0012527404
9	0	0.0003131851
9	1	0.0009395553
9	2	0.0003131851
9	3	0.0003131851
9	4	0.0003131851
9	5	0.0003131851
9	6	0.0003131851
9	7	0.0003131851
9	8	0.0003131851
9	9	0.0003131851
9	10	0.0003131851
9	11	0.0003131851
9	12	0.0003131851
9	13	0.0003131851
9	14	0.0006263702
9	15	0.0006263702
9	16	0.0037582211
9	17	0.0040714062
9	18	0.0028186658
9	19	0.0021922956
9	20	0.0006263702
9	21	0.0006263702
9	22	0.0006263702
9	23	0.0015659255
9	24	0.0021922956
9	25	0.0018791106
9	26	0.0003131851
9	27	0.0003131851
9	28	0.0006263702
9	29	0.0015659255
9	30	0.0009395553
9	31	0.0012527404
9	32	0.0037582211
9	33	0.0072032571
9	34	0.0037582211
9	35	0.0018791106
10	0	0.0006263702
10	1	0.0003131851
10	2	0.0003131851
10	3	0.0003131851
10	4	0.0003131851
10	5	0.0003131851
10	6	0.0003131851
10	7	0.0006263702
10	8	0.0003131851
10	9	0.0003131851
10	10	0.0003131851
10	11	0.0003131851
10	12	0.0003131851
10	13	0.0003131851
10	14	0.0009395553
10	15	0.0062637018
10	16	0.0084559975
10	17	0.0062637018
10	18	0.0015659255
10	19	0.0006263702
10	20	0.0003131851
10	21	0.0003131851
10	22	0.0012527404
10	23	0.0012527404
10	24	0.0025054807
10	25	0.0006263702
10	26	0.0009395553
10	27	0.0012527404
10	28	0.0006263702
10	29	0.0006263702
10	30	0.0037582211
10	31	0.0075164422
10	32	0.0137801441
10	33	0.0184779205
10	34	0.0172251801
10	35	0.0075164422
11	0	0.0006263702
11	1	0.0003131851
11	2	0.0003131851
11	3	0.0003131851
11	4	0.0003131851
11	5	0.0003131851
11	6	0.0003131851
11	7	0.0003131851
11	8	0.0003131851
11	9	0.0003131851
11	10	0.0003131851
11	11	0.0003131851
11	12	0.0003131851
11	13	0.0037582211
11	14	0.0288130285
11	15	0.0338239900
11	16	0.0278734732
11	17	0.0037582211
11	18	0.0003131851
11	19	0.0003131851
11	20	0.0003131851
11	21	0.0006263702
11	22	0.0003131851
11	23	0.0003131851
11	24	0.0003131851
11	25	0.0006263702
11	26	0.0003131851
11	27	0.0003131851
11	28	0.0009395553
11	29	0.0015659255
11	30	0.0075164422
11	31	0.0216097714
11	32	0.0429063577
11	33	0.0344503602
11	34	0.0122142186
11	35	0.0015659255
12	0	0.0003131851
12	1	0.0003131851
12	2	0.0003131851
12	3	0.0003131851
12	4	0.0003131851
12	5	0.0003131851
12	6	0.0003131851
12	7	0.0003131851
12	8	0.0003131851
12	9	0.0003131851
12	10	0.0003131851
12	11	0.0003131851
12	12	0.0021922956
12	13	0.0303789540
12	14	0.0610710930
12	15	0.0247416223
12	16	0.0028186658
12	17	0.0006263702
12	18	0.0003131851
12	19	0.0003131851
12	20	0.0003131851
12	21	0.0003131851
12	22	0.0003131851
12	23	0.0003131851
12	24	0.0003131851
12	25	0.0003131851
12	26	0.0003131851
12	27	0.0003131851
12	28	0.0003131851
12	29	0.0012527404
12	30	0.0100219230
12	31	0.0335108049
12	32	0.0303789540
12	33	0.0112746633
12	34	0.0015659255
12	35	0.0003131851
13	0	0.0003131851
13	1	0.0003131851
13	2	0.0003131851
13	3	0.0003131851
13	4	0.0003131851
13	5	0.0003131851
13	6	0.0003131851
13	7	0.0003131851
13	8	0.0003131851
13	9	0.0003131851
13	10	0.0003131851
13	11	0.0003131851
13	12	0.0025054807
13	13	0.0078296273
13	14	0.0040714062
13	15	0.0012527404
13	16	0.0003131851
13	17	0.0003131851
13	18	0.0003131851
13	19	0.0003131851
13	20	0.0003131851
13	21	0.0003131851
13	22	0.0003131851
13	23	0.0003131851
13	24	0.0003131851
13	25	0.0003131851
13	26	0.0003131851
13	27	0.0003131851
13	28	0.0003131851
13	29	0.0009395553
13	30	0.0034450360
13	31	0.0053241466
13	32	0.0018791106
13	33	0.0003131851
13	34	0.0003131851
13	35	0.0003131851
14	0	0.0003131851
14	1	0.0003131851
14	2	0.0003131851
14	3	0.0003131851
14	4	0.0003131851
14	5	0.0003131851
14	6	0.0003131851
14	7	0.0003131851
14	8	0.0003131851
14	9	0.0003131851
14	10	0.0003131851
14	11	0.0006263702
14	12	0.0006263702
14	13	0.0003131851
14	14	0.0003131851
14	15	0.0003131851
14	16	0.0003131851
14	17	0.0003131851
14	18	0.0003131851
14	19	0.0003131851
14	20	0.0003131851
14	21	0.0003131851
14	22	0.0003131851
14	23	0.0003131851
14	24	0.0003131851
14	25	0.0003131851
14	26	0.0003131851
14	27	0.0003131851
14	28	0.0003131851
14	29	0.0003131851
14	30	0.0006263702
14	31	0.0003131851
14	32	0.0006263702
14	33	0.0003131851
14	34	0.0003131851
14	35	0.0003131851
15	0	0.0003131851
15	1	0.0003131851
15	2	0.0003131851
15	3	0.0003131851
15	4	0.0003131851
15	5	0.0003131851
15	6	0.0003131851
15	7	0.0003131851
15	8	0.0003131851
15	9	0.0003131851
15	10	0.0003131851
15	11	0.0003131851
15	12	0.0003131851
15	13	0.0003131851
15	14	0.0003131851
15	15	0.0003131851
15	16	0.0003131851
15	17	0.0003131851
15	18	0.0003131851
15	19	0.0003131851
15	20	0.0003131851
15	21	0.0003131851
15	22	0.0003131851
15	23	0.0003131851
15	24	0.0003131851
15	25	0.0003131851
15	26	0.0003131851
15	27	0.0003131851
15	28	0.0003131851
15	29	0.0003131851
15	30	0.0003131851
15	31	0.0003131851
15	32	0.0003131851
15	33	0.0003131851
15	34	0.0003131851
15	35	0.0003131851
16	0	0.0003131851
16	1	0.0003131851
16	2	0.0003131851
16	3	0.0003131851
16	4	0.0003131851
16	5	0.0003131851
16	6	0.0003131851
16	7	0.0003131851
16	8	0.0003131851
16	9	0.0003131851
16	10	0.0003131851
16	11	0.0003131851
16	12	0.0003131851
16	13	0.0003131851
16	14	0.0003131851
16	15	0.0003131851
16	16	0.0003131851
16	17	0.0003131851
16	18	0.0003131851
16	19	0.0003131851
16	20	0.0003131851
16	21	0.0003131851
16	22	0.0003131851
16	23	0.0003131851
16	24	0.0003131851
16	25	0.0003131851
16	26	0.0003131851
16	27	0.0003131851
16	28	0.0003131851
16	29	0.0003131851
16	30	0.0003131851
16	31	0.0003131851
16	32	0.0003131851
16	33	0.0003131851
16	34	0.0003131851
16	35	0.0003131851
17	0	0.0003131851
17	1	0.0003131851
17	2	0.0003131851
17	3	0.0003131851
17	4	0.0003131851
17	5	0.0003131851
17	6	0.0003131851
17	7	0.0003131851
17	8	0.0003131851
17	9	0.0003131851
17	10	0.0003131851
17	11	0.0003131851
17	12	0.0003131851
17	13	0.0003131851
17	14	0.0003131851
17	15	0.0003131851
17	16	0.0003131851
17	17	0.0003131851
17	18	0.0003131851
17	19	0.0003131851
17	20	0.0003131851
17	21	0.0003131851
17	22	0.0003131851
17	23	0.0003131851
17	24	0.0003131851
17	25	0.0003131851
17	26	0.0003131851
17	27	0.0003131851
17	28	0.0003131851
17	29	0.0003131851
17	30	0.0003131851
17	31	0.0003131851
17	32	0.0003131851
17	33	0.0003131851
17	34	0.0003131851
17	35	0.0003131851
18	0	0.0003131851
18	1	0.0003131851
18	2	0.0003131851
18	3	0.0003131851
18	4	0.0003131851
18	5	0.0003131851
18	6	0.0003131851
18	7	0.0003131851
18	8	0.0003131851
18	9	0.0003131851
18	10	0.0003131851
18	11	0.0003131851
18	12	0.0003131851
18	13	0.0003131851
18	14	0.0003131851
18	15	0.0003131851
18	16	0.0003131851
18	17	0.0003131851
18	18	0.0003131851
18	19	0.0003131851
18	20	0.0003131851
18	21	0.0003131851
18	22	0.0003131851
18	23	0.0003131851
18	24	0.0003131851
18	25	0.0003131851
18	26	0.0003131851
18	27	0.0003131851
18	28	0.0003131851
18	29	0.0003131851
18	30	0.0003131851
18	31	0.0003131851
18	32	0.0003131851
18	33	0.0003131851
18	34	0.0003131851
18	35	0.0003131851
19	0	0.0003131851
19	1	0.0003131851
19	2	0.0003131851
19	3	0.0003131851
19	4	0.0003131851
19	5	0.0003131851
19	6	0.0003131851
19	7	0.0003131851
19	8	0.0003131851
19	9	0.0003131851
19	10	0.0003131851
19	11	0.0003131851
19	12	0.0003131851
19	13	0.0003131851
19	14	0.0003131851
19	15	0.0003131851
19	16	0.0003131851
19	17	0.0003131851
19	18	0.0003131851
19	19	0.0003131851
19	20	0.0003131851
19	21	0.0003131851
19	22	0.0003131851
19	23	0.0003131851
19	24	0.0003131851
19	25	0.0003131851
19	26	0.0003131851
19	27	0.0003131851
19	28	0.0003131851
19	29	0.0003131851
19	30	0.0003131851
19	31	0.0003131851
19	32	0.0003131851
19	33	0.0003131851
19	34	0.0003131851
19	35	0.0003131851
20	0	0.0003131851
20	1	0.0003131851
20	2	0.0003131851
20	3	0.0003131851
20	4	0.0003131851
20	5	0.0003131851
20	6	0.0003131851
20	7	0.0003131851
20	8	0.0003131851
20	9	0.0003131851
20	10	0.0003131851
20	11	0.0003131851
20	12	0.0003131851
20	13	0.0003131851
20	14	0.0003131851
20	15	0.0003131851
20	16	0.0003131851
20	17	0.0003131851
20	18	0.0003131851
20	19	0.0003131851
20	20	0.0003131851
20	21	0.0003131851
20	22	0.0003131851
20	23	0.0003131851
20	24	0.0003131851
20	25	0.0003131851
20	26	0.0003131851
20	27	0.0003131851
20	28	0.0003131851
20	29	0.0003131851
20	30	0.0003131851
20	31	0.0003131851
20	32	0.0003131851
20	33	0.0003131851
20	34	0.0003131851
20	35	0.0003131851
21	0	0.0003131851
21	1	0.0003131851
21	2	0.0003131851
21	3	0.0003131851
21	4	0.0003131851
21	5	0.0003131851
21	6	0.0003131851
21	7	0.0003131851
21	8	0.0003131851
21	9	0.0003131851
21	10	0.0003131851
21	11	0.0003131851
21	12	0.0003131851
21	13	0.0003131851
21	14	0.0003131851
21	15	0.0003131851
21	16	0.0003131851
21	17	0.0003131851
21	18	0.0003131851
21	19	0.0003131851
21	20	0.0003131851
21	21	0.0003131851
21	22	0.0003131851
21	23	0.0003131851
21	24	0.0003131851
21	25	0.0003131851
21	26	0.0003131851
21	27	0.0003131851
21	28	0.0003131851
21	29	0.0003131851
21	30	0.0003131851
21	31	0.0003131851
21	32	0.0003131851
21	33	0.0003131851
21	34	0.0003131851
21	35	0.0003131851
22	0	0.0003131851
22	1	0.0003131851
22	2	0.0003131851
22	3	0.0003131851
22	4	0.0003131851
22	5	0.0003131851
22	6	0.0003131851
22	7	0.0003131851
22	8	0.0003131851
22	9	0.0003131851
22	10	0.0003131851
22	11	0.0003131851
22	12	0.0003131851
22	13	0.0003131851
22	14	0.0003131851
22	15	0.0003131851
22	16	0.0003131851
22	17	0.0003131851
22	18	0.0003131851
22	19	0.0003131851
22	20	0.0003131851
22	21	0.0003131851
22	22	0.0003131851
22	23	0.0003131851
22	24	0.0003131851
22	25	0.0003131851
22	26	0.0003131851
22	27	0.0003131851
22	28	0.0003131851
22	29	0.0003131851
22	30	0.0003131851
22	31	0.0003131851
22	32	0.0003131851
22	33	0.0003131851
22	34	0.0003131851
22	35	0.0003131851
23	0	0.0003131851
23	1	0.0003131851
23	2	0.0003131851
23	3	0.0003131851
23	4	0.0003131851
23	5	0.0003131851
23	6	0.0003131851
23	7	0.0003131851
23	8	0.0003131851
23	9	0.0003131851
23	10	0.0003131851
23	11	0.0003131851
23	12	0.0003131851
23	13	0.0003131851
23	14	0.0003131851
23	15	0.0003131851
23	16	0.0003131851
23	17	0.0003131851
23	18	0.0003131851
23	19	0.0003131851
23	20	0.0003131851
23	21	0.0003131851
23	22	0.0003131851
23	23	0.0003131851
23	24	0.0003131851
23	25	0.0003131851
23	26	0.0003131851
23	27	0.0003131851
23	28	0.0003131851
23	29	0.0003131851
23	30	0.0003131851
23	31	0.0003131851
23	32	0.0003131851
23	33	0.0003131851
23	34	0.0003131851
23	35	0.0003131851
24	0	0.0003131851
24	1	0.0003131851
24	2	0.0003131851
24	3	0.0003131851
24	4	0.0003131851
24	5	0.0003131851
24	6	0.0003131851
24	7	0.0003131851
24	8	0.0003131851
24	9	0.0003131851
24	10	0.0003131851
24	11	0.0003131851
24	12	0.0003131851
24	13	0.0003131851
24	14	0.0003131851
24	15	0.0003131851
24	16	0.0003131851
24	17	0.0003131851
24	18	0.0003131851
24	19	0.0003131851
24	20	0.0003131851
24	21	0.0003131851
24	22	0.0003131851
24	23	0.0003131851
24	24	0.0003131851
24	25	0.0003131851
24	26	0.0003131851
24	27	0.0003131851
24	28	0.0003131851
24	29	0.0003131851
24	30	0.0003131851
24	31	0.0003131851
24	32	0.0003131851
24	33	0.0003131851
24	34	0.0003131851
24	35	0.0003131851
25	0	0.0003131851
25	1	0.0003131851
25	2	0.0003131851
25	3	0.0003131851
25	4	0.0003131851
25	5	0.0003131851
25	6	0.0003131851
25	7	0.0003131851
25	8	0.0003131851
25	9	0.0003131851
25	10	0.0003131851
25	11	0.0003131851
25	12	0.0003131851
25	13	0.0003131851
25	14	0.0003131851
25	15	0.0003131851
25	16	0.0003131851
25	17	0.0003131851
25	18	0.0003131851
25	19	0.0003131851
25	20	0.0003131851
25	21	0.0003131851
25	22	0.0003131851
25	23	0.0003131851
25	24	0.0003131851
25	25	0.0003131851
25	26	0.0003131851
25	27	0.0003131851
25	28	0.0003131851
25	29	0.0003131851
25	30	0.0003131851
25	31	0.0003131851
25	32	0.0003131851
25	33	0.0003131851
25	34	0.0003131851
25	35	0.0003131851
26	0	0.0003131851
26	1	0.0003131851
26	2	0.0003131851
26	3	0.0003131851
26	4	0.0003131851
26	5	0.0003131851
26	6	0.0003131851
26	7	0.0003131851
26	8	0.0003131851
26	9	0.0003131851
26	10	0.0003131851
26	11	0.0003131851
26	12	0.0003131851
26	13	0.0003131851
26	14	0.0003131851
26	15	0.0003131851
26	16	0.0003131851
26	17	0.0003131851
26	18	0.0003131851
26	19	0.0003131851
26	20	0.0003131851
26	21	0.0003131851
26	22	0.0003131851
26	23	0.0003131851
26	24	0.0003131851
26	25	0.0003131851
26	26	0.0003131851
26	27	0.0003131851
26	28	0.0003131851
26	29	0.0003131851
26	30	0.0003131851
26	31	0.0003131851
26	32	0.0003131851
26	33	0.0003131851
26	34	0.0003131851
26	35	0.0003131851
27	0	0.0003131851
27	1	0.0003131851
27	2	0.0003131851
27	3	0.0003131851
27	4	0.0003131851
27	5	0.0003131851
27	6	0.0003131851
27	7	0.0003131851
27	8	0.0003131851
27	9	0.0003131851
27	10	0.0003131851
27	11	0.0003131851
27	12	0.0003131851
27	13	0.0003131851
27	14	0.0003131851
27	15	0.0003131851
27	16	0.0003131851
27	17	0.0003131851
27	18	0.0003131851
27	19	0.0003131851
27	20	0.0003131851
27	21	0.0003131851
27	22	0.0003131851
27	23	0.0003131851
27	24	0.0003131851
27	25	0.0003131851
27	26	0.0003131851
27	27	0.0003131851
27	28	0.0003131851
27	29	0.0003131851
27	30	0.0003131851
27	31	0.0003131851
27	32	0.0003131851
27	33	0.0003131851
27	34	0.0003131851
27	35	0.0003131851
28	0	0.0003131851
28	1	0.0003131851
28	2	0.0003131851
28	3	0.0003131851
28	4	0.0003131851
28	5	0.0003131851
28	6	0.0003131851
28	7	0.0003131851
28	8	0.0003131851
28	9	0.0003131851
28	10	0.0003131851
28	11	0.0003131851
28	12	0.0003131851
28	13	0.0003131851
28	14	0.0003131851
28	15	0.0003131851
28	16	0.0003131851
28	17	0.0003131851
28	18	0.0003131851
28	19	0.0003131851
28	20	0.0003131851
28	21	0.0003131851
28	22	0.0003131851
28	23	0.0003131851
28	24	0.0003131851
28	25	0.0003131851
28	26	0.0003131851
28	27	0.0003131851
28	28	0.0003131851
28	29	0.0003131851
28	30	0.0003131851
28	31	0.0003131851
28	32	0.0003131851
28	33	0.0003131851
28	34	0.0003131851
28	35	0.0003131851
29	0	0.0003131851
29	1	0.0003131851
29	2	0.0003131851
29	3	0.0003131851
29	4	0.0003131851
29	5	0.0003131851
29	6	0.0003131851
29	7	0.0003131851
29	8	0.0003131851
29	9	0.0003131851
29	10	0.0003131851
29	11	0.0003131851
29	12	0.0003131851
29	13	0.0003131851
29	14	0.0003131851
29	15	0.0003131851
29	16	0.0003131851
29	17	0.0003131851
29	18	0.0003131851
29	19	0.0003131851
29	20	0.0003131851
29	21	0.0003131851
29	22	0.0003131851
29	23	0.0003131851
29	24	0.0003131851
29	25	0.0003131851
29	26	0.0003131851
29	27	0.0003131851
29	28	0.0003131851
29	29	0.0003131851
29	30	0.0003131851
29	31	0.0003131851
29	32	0.0003131851
29	33	0.0003131851
29	34	0.0003131851
29	35	0.0003131851
30	0	0.0003131851
30	1	0.0003131851
30	2	0.0003131851
30	3	0.0003131851
30	4	0.0003131851
30	5	0.0003131851
30	6	0.0003131851
30	7	0.0003131851
30	8	0.0003131851
30	9	0.0003131851
30	10	0.0003131851
30	11	0.0003131851
30	12	0.0003131851
30	13	0.0003131851
30	14	0.0003131851
30	15	0.0003131851
30	16	0.0003131851
30	17	0.0003131851
30	18	0.0003131851
30	19	0.0003131851
30	20	0.0003131851
30	21	0.0003131851
30	22	0.0003131851
30	23	0.0003131851
30	24	0.0003131851
30	25	0.0003131851
30	26	0.0003131851
30	27	0.0003131851
30	28	0.0003131851
30	29	0.0003131851
30	30	0.0003131851
30	31	0.0003131851
30	32	0.0003131851
30	33	0.0003131851
30	34	0.0003131851
30	35	0.0003131851
31	0	0.0003131851
31	1	0.0003131851
31	2	0.0003131851
31	3	0.0003131851
31	4	0.0003131851
31	5	0.0003131851
31	6	0.0003131851
31	7	0.0003131851
31	8	0.0003131851
31	9	0.0003131851
31	10	0.0003131851
31	11	0.0003131851
31	12	0.0003131851
31	13	0.0003131851
31	14	0.0003131851
31	15	0.0003131851
31	16	0.0003131851
31	17	0.0003131851
31	18	0.0003131851
31	19	0.0003131851
31	20	0.0003131851
31	21	0.0003131851
31	22	0.0003131851
31	23	0.0003131851
31	24	0.0003131851
31	25	0.0003131851
31	26	0.0003131851
31	27	0.0003131851
31	28	0.0003131851
31	29	0.0003131851
31	30	0.0003131851
31	31	0.0003131851
31	32	0.0003131851
31	33	0.0003131851
31	34	0.0003131851
31	35	0.0003131851
32	0	0.0003131851
32	1	0.0003131851
32	2	0.0003131851
32	3	0.0003131851
32	4	0.0003131851
32	5	0.0003131851
32	6	0.0003131851
32	7	0.0003131851
32	8	0.0003131851
32	9	0.0003131851
32	10	0.0003131851
32	11	0.0003131851
32	12	0.0003131851
32	13	0.0003131851
32	14	0.0003131851
32	15	0.0003131851
32	16	0.0003131851
32	17	0.0003131851
32	18	0.0003131851
32	19	0.0003131851
32	20	0.0003131851
32	21	0.0003131851
32	22	0.0003131851
32	23	0.0003131851
32	24	0.0003131851
32	25	0.0003131851
32	26	0.0003131851
32	27	0.0003131851
32	28	0.0003131851
32	29	0.0003131851
32	30	0.0003131851
32	31	0.0003131851
32	32	0.0003131851
32	33	0.0003131851
32	34	0.0003131851
32	35	0.0003131851
33	0	0.0003131851
33	1	0.0003131851
33	2	0.0003131851
33	3	0.0003131851
33	4	0.0003131851
33	5	0.0003131851
33	6	0.0003131851
33	7	0.0003131851
33	8	0.0003131851
33	9	0.0003131851
33	10	0.0003131851
33	11	0.0003131851
33	12	0.0003131851
33	13	0.0003131851
33	14	0.0003131851
33	15	0.0003131851
33	16	0.0003131851
33	17	0.0003131851
33	18	0.0003131851
33	19	0.0003131851
33	20	0.0003131851
33	21	0.0003131851
33	22	0.0003131851
33	23	0.0003131851
33	24	0.0003131851
33	25	0.0003131851
33	26	0.0003131851
33	27	0.0003131851
33	28	0.0003131851
33	29	0.0003131851
33	30	0.0003131851
33	31	0.0003131851
33	32	0.0003131851
33	33	0.0003131851
33	34	0.0003131851
33	35	0.0003131851
34	0	0.0003131851
34	1	0.0003131851
34	2	0.0003131851
34	3	0.0003131851
34	4	0.0003131851
34	5	0.0003131851
34	6	0.0003131851
34	7	0.0003131851
34	8	0.0003131851
34	9	0.0003131851
34	10	0.0003131851
34	11	0.0003131851
34	12	0.0003131851
34	13	0.0003131851
34	14	0.0003131851
34	15	0.0003131851
34	16	0.0003131851
34	17	0.0003131851
34	18	0.0003131851
34	19	0.0003131851
34	20	0.0003131851
34	21	0.0003131851
34	22	0.0003131851
34	23	0.0003131851
34	24	0.0003131851
34	25	0.0003131851
34	26	0.0003131851
34	27	0.0003131851
34	28	0.0003131851
34	29	0.0003131851
34	30	0.0003131851
34	31	0.0003131851
34	32	0.0003131851
34	33	0.0003131851
34	34	0.0003131851
34	35	0.0003131851
35	0	0.0003131851
35	1	0.0003131851
35	2	0.0003131851
35	3	0.0003131851
35	4	0.0003131851
35	5	0.0003131851
35	6	0.0003131851
35	7	0.0003131851
35	8	0.0003131851
35	9	0.0003131851
35	10	0.0003131851
35	11	0.0003131851
35	12	0.0003131851
35	13	0.0003131851
35	14	0.0003131851
35	15	0.0003131851
35	16	0.0003131851
35	17	0.0003131851
35	18	0.0003131851
35	19	0.0003131851
35	20	0.0003131851
35	21	0.0003131851
35	22	0.0003131851
35	23	0.0003131851
35	24	0.0003131851
35	25	0.0003131851
35	26	0.0003131851
35	27	0.0003131851
35	28	0.0003131851
35	29	0.0003131851
35	30	0.0003131851
35	31	0.0003131851
35	32	0.0003131851
35	33	0.0003131851
35	34	0.0003131851
35	35	0.0003131851
