# 20x20 (now 21x21) matrix of aa similarities after Cornilescu, Delaglio and Bax (TALOS)
# Cornilescu, G., Delaglio, F. & Bax, A. (1999) J Biomol NMR, 13, 289-302
#
# It can contain other non-standard amino acids.
# Start of the homology table
	A	R	N	D	C	Q	E	G	H	I	L	K	M	F	P	S	T	W	Y	V	X
A	0	1	1	1	1	1	1	2	1	2	1	1	1	2	3	1	2	2	2	2	2
R	1	0	1	1	1	1	1	2	1	2	1	0	1	1	3	1	2	1	1	2	2
N	1	1	0	0	1	1	1	2	1	2	1	1	1	1	3	1	2	1	1	2	2
D	1	1	0	0	1	1	1	2	1	2	1	1	1	1	3	1	2	1	1	2	2
C	1	1	1	1	0	1	1	2	1	2	1	1	1	1	3	1	2	1	1	2	2
Q	1	1	1	1	1	0	1	2	1	2	1	1	1	1	3	1	2	1	1	2	2
E	1	1	1	1	1	1	0	2	1	2	2	2	1	1	3	1	2	1	1	2	2
G	2	2	2	2	2	2	2	0	3	3	3	3	3	3	3	3	3	3	3	3	2
H	1	1	1	1	1	1	1	3	0	2	1	2	2	1	3	2	2	1	1	2	2
I	2	2	2	2	2	2	2	3	2	0	1	2	2	2	3	2	1	2	2	0	2
L	1	1	1	1	1	1	2	3	1	1	0	1	1	1	3	2	2	1	1	2	2
K	1	0	1	1	1	1	2	3	2	2	1	0	1	2	3	1	2	2	2	2	2
M	1	1	1	1	1	1	1	3	2	2	1	1	0	2	3	1	2	2	2	2	2
F	2	1	1	1	1	1	1	3	1	2	1	2	2	0	3	2	2	0	0	1	2
P	3	3	3	3	3	3	3	3	3	3	3	3	3	3	0	3	3	3	3	3	2
S	1	1	1	1	1	1	1	3	2	2	2	1	1	2	3	0	1	2	2	2	2
T	2	2	2	2	2	2	2	3	2	1	2	2	2	2	3	1	0	1	1	1	2
W	2	1	1	1	1	1	1	3	1	2	1	2	2	0	3	2	1	0	0	1	2
Y	2	1	1	1	1	1	1	3	1	2	1	2	2	0	3	2	1	0	0	1	2
V	2	2	2	2	2	2	2	3	1	0	2	2	2	1	3	2	1	1	1	0	2
X	2	2	2	2	2	2	2	2	2	2	2	2	2	2	2	2	2	2	2	2	0
